# multipoles, TT coadded residual FG + noise power spectrum [uK^2]
1.015000000000000000e+02 6.052010926107650457e-01
3.015000000000000000e+02 1.227814051674433582e+00
5.015000000000000000e+02 6.717782366016180617e-01
7.015000000000000000e+02 1.121750580287581844e-01
9.015000000000000000e+02 6.245333586783547997e-01
1.101500000000000000e+03 4.659335272214145673e-01
1.301500000000000000e+03 8.474668173626835888e-01
1.501500000000000000e+03 5.030776861961021584e-01
1.701500000000000000e+03 8.145555787957144966e-01
1.901500000000000000e+03 7.813414924878623324e-01
2.101500000000000000e+03 8.991071649066655347e-01
2.301500000000000000e+03 9.437730629309915020e-01
2.501500000000000000e+03 8.601312107635716853e-01
2.701500000000000000e+03 9.622665655988067446e-01
2.901500000000000000e+03 8.714643243804718331e-01
3.101500000000000000e+03 1.049650779739003337e+00
3.301500000000000000e+03 7.313690328429554022e-01
3.501500000000000000e+03 1.258954233801995670e+00
3.701500000000000000e+03 1.135750324348882678e+00
3.901500000000000000e+03 1.185731077803600098e+00
4.101500000000000000e+03 1.145071057240677259e+00
4.301500000000000000e+03 9.333274902392170169e-01
4.501500000000000000e+03 1.180446381001862610e+00
4.701500000000000000e+03 9.723875188381110313e-01
4.901500000000000000e+03 1.014156912341472649e+00
5.101500000000000000e+03 1.342845150314108782e+00
5.301500000000000000e+03 9.291422873690836637e-01
5.501500000000000000e+03 1.199298439351926149e+00
5.701500000000000000e+03 1.278939473927337866e+00
5.901500000000000000e+03 1.133640244376322492e+00
6.101500000000000000e+03 1.373916176791924126e+00
6.301500000000000000e+03 1.083428528985117323e+00
6.501500000000000000e+03 1.156159655320598834e+00
6.701500000000000000e+03 1.367970177134201215e+00
6.901500000000000000e+03 1.265882208866547121e+00
7.101500000000000000e+03 1.435116379129288244e+00
7.301500000000000000e+03 1.340635635167479300e+00
7.501500000000000000e+03 1.193425875329547914e+00
7.701500000000000000e+03 1.466627388143340260e+00
7.901500000000000000e+03 1.628302053064705213e+00
8.101500000000000000e+03 1.381990850917475200e+00
8.301500000000000000e+03 1.574193678163790411e+00
8.501500000000000000e+03 1.683923482461611609e+00
8.701500000000000000e+03 1.684898490239999935e+00
8.901500000000000000e+03 1.654411407154282809e+00
9.101500000000000000e+03 1.852443069650860696e+00
9.301500000000000000e+03 1.567896578433649379e+00
9.501500000000000000e+03 1.884331857843949631e+00
9.701500000000000000e+03 1.801133273083101560e+00
9.901500000000000000e+03 1.826087310044631762e+00
1.010150000000000000e+04 2.056650657970455320e+00
1.030150000000000000e+04 1.897703252581156796e+00
1.050150000000000000e+04 2.136591352789343645e+00
1.070150000000000000e+04 2.156846439124254999e+00
1.090150000000000000e+04 1.919501063713879407e+00
1.110150000000000000e+04 2.216898914782525321e+00
1.130150000000000000e+04 2.365494520001527157e+00
1.150150000000000000e+04 2.675456223321610594e+00
1.170150000000000000e+04 2.249889341882201688e+00
1.190150000000000000e+04 2.376319796451904942e+00
1.210150000000000000e+04 2.475240082070866876e+00
1.230150000000000000e+04 2.433257047801928863e+00
1.250150000000000000e+04 2.540199226506031138e+00
1.270150000000000000e+04 3.005273288259447284e+00
1.290150000000000000e+04 2.777997331591310903e+00
1.310150000000000000e+04 3.486479765133366104e+00
1.330150000000000000e+04 2.530348762211000135e+00
1.350150000000000000e+04 2.952528565629528146e+00
1.370150000000000000e+04 2.774824807422871409e+00
1.390150000000000000e+04 3.139236397581450788e+00
1.410150000000000000e+04 2.930915098055315582e+00
1.430150000000000000e+04 3.428439790548799770e+00
1.450150000000000000e+04 3.257334262790944734e+00
1.470150000000000000e+04 3.269799757132372697e+00
1.490150000000000000e+04 3.329748314582380075e+00
1.510150000000000000e+04 3.903381884947190184e+00
1.530150000000000000e+04 3.053723431768540664e+00
1.550150000000000000e+04 3.873880120049047360e+00
1.570150000000000000e+04 3.654116328169918493e+00
1.590150000000000000e+04 3.887239386029392119e+00
1.610150000000000000e+04 3.913127004075883431e+00
1.630150000000000000e+04 4.215560392259575906e+00
1.650150000000000000e+04 4.045319294658733966e+00
1.670150000000000000e+04 4.327581426205171944e+00
1.690150000000000000e+04 4.078924439532679358e+00
1.710150000000000000e+04 4.485858694736235996e+00
1.730150000000000000e+04 4.579429003206146653e+00
1.750150000000000000e+04 4.645983589028196192e+00
1.770150000000000000e+04 4.626202888547465086e+00
1.790150000000000000e+04 4.665592230743494717e+00
1.810150000000000000e+04 5.092305437093497034e+00
1.830150000000000000e+04 5.017107529249142495e+00
1.850150000000000000e+04 5.082185324493181611e+00
1.870150000000000000e+04 4.891001838746221964e+00
1.890150000000000000e+04 5.500644071746586761e+00
1.910150000000000000e+04 5.622007243268697607e+00
1.930150000000000000e+04 5.633978478606410434e+00
1.950150000000000000e+04 6.230864505770657757e+00
1.970150000000000000e+04 6.512314850027149049e+00
1.990150000000000000e+04 6.109047731527690317e+00
2.010150000000000000e+04 6.769542550026277361e+00
2.030150000000000000e+04 6.518890222575086213e+00
2.050150000000000000e+04 6.061772074301744695e+00
